1
2
4
6
12
24
36
48
60
120
180
240
360
720
840
1260
1680
2520
5040
7560
10080
15120
20160
25200
27720
45360
50400
55440
83160
110880
166320
221760
277200
332640
498960
554400
665280
720720
1081080
1441440
2162160
2882880
3603600
4324320
6486480
7207200
8648640
10810800
14414400
17297280
21621600
32432400
36756720
43243200
61261200
73513440
110270160
122522400
147026880
183783600
245044800
294053760
367567200
551350800
698377680
735134400
1102701600
1396755360
2095133040
2205403200
2327925600
2793510720
3491888400
4655851200
5587021440
6983776800
10475665200
13967553600
20951330400
27935107200
41902660800
48886437600
64250746560
73329656400
80313433200
97772875200
128501493120
146659312800
160626866400
240940299600
293318625600
321253732800
481880599200
642507465600
963761198400
1124388064800
1606268664000
1686582097200
1927522396800
2248776129600
3212537328000
3373164194400
4497552259200
6746328388800
8995104518400
9316358251200
13492656777600
18632716502400
26985313555200
27949074753600
32607253879200
46581791256000
48910880818800
55898149507200
65214507758400
93163582512000
97821761637600
130429015516800
195643523275200
260858031033600
288807105787200
391287046550400
577614211574400
782574093100800
866421317361600
1010824870255200
1444035528936000
1516237305382800
1732842634723200
2021649740510400
2888071057872000
3032474610765600
4043299481020800
6064949221531200
8086598962041600
10108248702552000
12129898443062400
18194847664593600
20216497405104000
24259796886124800
30324746107656000
36389695329187200
48519593772249600
60649492215312000
72779390658374400
74801040398884800
106858629141264000
112201560598327200
149602080797769600
224403121196654400
299204161595539200
374005201994424000
448806242393308800
673209363589963200
748010403988848000
897612484786617600
1122015605983272000
1346418727179926400
1795224969573235200
2244031211966544000
2692837454359852800
3066842656354276800
4381203794791824000
4488062423933088000
6133685312708553600
8976124847866176000
9200527969062830400
12267370625417107200
15334213281771384000
18401055938125660800
27601583907188491200
30668426563542768000
36802111876251321600
46002639845314152000
55203167814376982400
73604223752502643200
92005279690628304000
110406335628753964800
131874234223233902400
184010559381256608000
263748468446467804800
368021118762513216000
395622702669701707200
527496936892935609600
659371171116169512000
791245405339403414400
1186868108009105121600
1318742342232339024000
1582490810678806828800
1978113513348508536000
2373736216018210243200
3164981621357613657600
3956227026697017072000
4747472432036420486400
5934340540045525608000
7912454053394034144000
11868681080091051216000
15824908106788068288000
17407398917466875116800
18594267025475980238400
23737362160182102432000
30990445042459967064000
34814797834933750233600
37188534050951960476800
52222196752400625350400
55782801076427940715200
61980890084919934128000
74377068101903920953600
92971335127379901192000
111565602152855881430400
148754136203807841907200
185942670254759802384000
223131204305711762860800
278914005382139703576000
371885340509519604768000
557828010764279407152000
743770681019039209536000
818147749120943130489600
985496152350226952635200
1115656021528558814304000
1487541362038078419072000
1636295498241886260979200
1970992304700453905270400
2454443247362829391468800
2956488457050680857905600
3284987174500756508784000
3941984609400907810540800
4927480761751134763176000
5912976914101361715811200
7883969218801815621081600
9854961523502269526352000
11825953828202723431622400
14782442285253404289528000
19709923047004539052704000
29564884570506808579056000
39419846094009078105408000
43361830703409985915948800
54202288379262482394936000
59129769141013617158112000
78839692188018156210816000
86723661406819971831897600
108404576758524964789872000
130085492110229957747846400
162606865137787447184808000
193814243295544634018256000
216809153517049929579744000
290721364943316951027384000
325213730275574894369616000
433618307034099859159488000
563703799144329816907334400
581442729886633902054768000
650427460551149788739232000
867236614068199718318976000
872164094829950853082152000
1084045767585249647898720000
1162885459773267804109536000
1691111397432989450722003200
1744328189659901706164304000
2325770919546535608219072000
2558348011501189169040979200
3197935014376486461301224000
3488656379319803412328608000
4651541839093071216438144000
5116696023002378338081958400
6395870028752972922602448000
7675044034503567507122937600
9593805043129459383903672000
11822668841028222675113616000
12791740057505945845204896000
17734003261542334012670424000
19187610086258918767807344000
25583480115011891690409792000
33258524149515459197532729600
35468006523084668025340848000
38375220172517837535614688000
51166960230023783380819584000
53202009784627002038011272000
63958700287529729226024480000
70936013046169336050681696000
99775572448546377592598188800
106404019569254004076022544000
141872026092338672101363392000
156059228701572539311499731200
195074035876965674139374664000
212808039138508008152045088000
283744052184677344202726784000
312118457403145078622999462400
390148071753931348278749328000
468177686104717617934499193600
585222107630897022418123992000
744828136984778028532157808000
780296143507862696557498656000
1170444215261794044836247984000
1560592287015725393114997312000
2028769973120443011049496505600
2340888430523588089672495968000
3121184574031450786229994624000
3511332645785382134508743952000
3901480717539313482787493280000
4681776861047176179344991936000
6086309919361329033148489516800
7022665291570764269017487904000
7129069311140018273093510448000
9363553722094352358689983872000
9505425748186691030791347264000
10143849865602215055247482528000
13069960403756700167338102488000
14258138622280036546187020896000
19010851496373382061582694528000
20287699731204430110494965056000
26139920807513400334676204976000
30431549596806645165742447584000
39209881211270100502014307464000
49903485177980127911654573136000
52279841615026800669352409952000
78419762422540201004028614928000
104559683230053601338704819904000
135927588199069681740316265875200
156839524845080402008057229856000
209119366460107202677409639808000
235259287267620603012085844784000
261399208075134003346762049760000
313679049690160804016114459712000
407782764597209045220948797625600
470518574535241206024171689568000
506163921090941297389639241808000
627358099380321608032228919424000
674885228121255063186185655744000
679637940995348408701581329376000
927967188666725711881005276648000
1012327842181882594779278483616000
1349770456242510126372371311488000
1359275881990696817403162658752000
1855934377333451423762010553296000
2038913822986045226104743988128000
2718551763981393634806325317504000
2783901566000177135643015829944000
3398189704976742043507906646880000
3543147447636589081727474692656000
3711868754666902847524021106592000
5567803132000354271286031659888000
7423737509333805695048042213184000
9650858762133947403562454877139200
11135606264000708542572063319776000
14847475018667611390096084426368000
16703409396001062813858094979664000
18559343773334514237620105532960000
22271212528001417085144126639552000
28952576286401842210687364631417600
33406818792002125627716189959328000
36949966239638714709443664651984000
44542425056002834170288253279104000
48254293810669737017812274385696000
66813637584004251255432379918656000
72381440716004605526718411578544000
96508587621339474035624548771392000
133627275168008502510864759837312000
135483209545341953934626770390608000
144762881432009211053436823157088000
193017175242678948071249097542784000
203224814318012930901940155585912000
241271469053348685089061371928480000
258649763677471002966105652563888000
270966419090683907869253540781216000
406449628636025861803880311171824000
541932838181367815738507081562432000
704512689635778160460059206031161600
812899257272051723607760622343648000
1083865676362735631477014163124864000
1219348885908077585411640933515472000
1354832095453419539346267703906080000
1625798514544103447215521244687296000
2113538068907334481380177618093484800
2438697771816155170823281867030944000
2845147400452181032627162178202768000
3251597029088206894431042489374592000
3522563448178890802300296030155808000
4877395543632310341646563734061888000
5283845172268336203450444045233712000
7045126896357781604600592060311616000
9754791087264620683293127468123776000
10567690344536672406900888090467424000
14090253792715563209201184120623232000
15851535516805008610351332135701136000
17612817240894454011501480150779040000
20433331330520209234322346552547152000
21135380689073344813801776180934848000
31703071033610017220702664271402272000
32109520662246043082506544582574096000
42270761378146689627603552361869696000
42812694216328057443342059443432128000
52838451722683362034504440452337120000
63406142067220034441405328542804544000
64219041324492086165013089165148192000
85625388432656114886684118886864256000
96328561986738129247519633747722288000
105676903445366724069008880904674240000
126812284134440068882810657085609088000
128438082648984172330026178330296384000
166969507443679424029034031829385299200
192657123973476258495039267495444576000
224766644635722301577545812078018672000
256876165297968344660052356660592768000
278282512406132373381723386382308832000
385314247946952516990078534990889152000
417423768609198560072585079573463248000
556565024812264746763446772764617664000
770628495893905033980157069981778304000
834847537218397120145170159146926496000
1113130049624529493526893545529235328000
1252271305827595680217755238720389744000
1391412562030661866908616931911544160000
1669695074436794240290340318293852992000
2504542611655191360435510477440779488000
2665090214966421575848043200353649968000
3339390148873588480580680636587705984000
3553453619955228767797390933804866624000
4174237686091985600725850795734632480000
5009085223310382720871020954881558976000
5330180429932843151696086400707299936000
7106907239910457535594781867609733248000
7995270644899264727544129601060949904000
8348475372183971201451701591469264960000
10018170446620765441742041909763117952000
10660360859865686303392172801414599872000
13858469117825392194409824641838979833600
15990541289798529455088259202121899808000
18655631504764951030936302402475549776000
21320721719731372606784345602829199744000
23097448529708986990683041069731633056000
31981082579597058910176518404243799616000
34646172794563480486024561604597449584000
46194897059417973981366082139463266112000
63962165159194117820353036808487599232000
69292345589126960972049123209194899168000
92389794118835947962732164278926532224000
103938518383690441458073684813792348752000
115487242648544934953415205348658165280000
138584691178253921944098246418389798336000
207877036767380882916147369627584697504000
237193029132011520250475844831474847152000
277169382356507843888196492836779596672000
316257372176015360333967793108633129536000
346461727945634804860245616045974495840000
415754073534761765832294739255169395008000
474386058264023040500951689662949694304000
632514744352030720667935586217266259072000
692923455891269609720491232091948991680000
831508147069523531664589478510338790016000
948772116528046081001903379325899388608000
1177969875015158336524835094556313285856000
1385846911782539219440982464183897983360000
1423158174792069121502855068988849082912000
1660351203924080641753330913820323930064000
1897544233056092162003806758651798777216000
2055672919144099842170790655206115341984000
2846316349584138243005710137977698165824000
3083509378716149763256185982809173012976000
4111345838288199684341581310412230683968000
5692632699168276486011420275955396331648000
6167018757432299526512371965618346025952000
8222691676576399368683162620824461367936000
9250528136148449289768557948427519038928000
10278364595720499210853953276030576709920000
12334037514864599053024743931236692051904000
18501056272296898579537115896855038077856000
21584565651013048342793301879664211090832000
24668075029729198106049487862473384103808000
28779420868017397790391069172885614787776000
30835093787161497632561859828091730129760000
37002112544593797159074231793710076155712000
43169131302026096685586603759328422181664000
57558841736034795580782138345771229575552000
61670187574322995265123719656183460259520000
74004225089187594318148463587420152311424000
86338262604052193371173207518656844363328000
104839318876349091950710323415511882441184000
123340375148645990530247439312366920519040000
129507393906078290056759811277985266544992000
161054066780635822250073098640571421216208000
172676525208104386742346415037313688726656000
199400273156977684690566693554993188172448000
259014787812156580113519622555970533089984000
299100409735466527035850040332489782258672000
370021125445937971590742317937100761557120000
398800546313955369381133387109986376344896000
518029575624313160227039245111941066179968000
598200819470933054071700080664979564517344000
797601092627910738762266774219972752689792000
897301229206399581107550120997469346776016000
997001365784888423452833467774965940862240000
1196401638941866108143400161329959129034688000
1794602458412799162215100241994938693552032000
2093702868148265689250950282327428475810704000
2392803277883732216286800322659918258069376000
2791603824197687585667933709769904634414272000
2991004097354665270358500403324897822586720000
3589204916825598324430200483989877387104064000
4187405736296531378501900564654856951621408000
5583207648395375171335867419539809268828544000
5982008194709330540717000806649795645173440000
7178409833651196648860400967979754774208128000
8374811472593062757003801129309713903242816000
10169413931005861919218901371304652596794848000
11964016389418661081434001613299591290346880000
12562217208889594135505701693964570854864224000
16266460744844218047257382962697713542837008000
16749622945186125514007602258619427806485632000
20139427588854746153747236049054312005417248000
25124434417779188271011403387929141709728448000
30209141383282119230620854073581468008125872000
35892049168255983244302004839898773871040640000
40278855177709492307494472098108624010834496000
50248868835558376542022806775858283419456896000
60418282766564238461241708147162936016251744000
80557710355418984614988944196217248021668992000
90627424149846357691862562220744404024377616000
100697137944273730768736180245271560027086240000
120836565533128476922483416294325872032503488000
181254848299692715383725124441488808048755232000
211463989682974834614345978515070276056881104000
241673131066256953844966832588651744065006976000
281951986243966446152461304686760368075841472000
302091413832821192306208540735814680081258720000
362509696599385430767450248882977616097510464000
422927979365949669228691957030140552113762208000
563903972487932892304922609373520736151682944000
604182827665642384612417081471629360162517440000
725019393198770861534900497765955232195020928000
845855958731899338457383914060281104227524416000
1027110807031592053841109038501769912276279648000
1208365655331284769224834162943258720325034880000
1268783938097849007686075871090421656341286624000
1675445456718954458867510445157864494912211824000
1691711917463798676914767828120562208455048832000
2054221614063184107682218077003539824552559296000
2537567876195698015372151742180843312682573248000
3081332421094776161523327115505309736828838944000
3111541562478058280753947969578891204836964816000
3625096965993854307674502488829776160975104640000
4108443228126368215364436154007079649105118592000
4148722083304077707671930626105188273115953088000
5075135752391396030744303484361686625365146496000
6162664842189552323046654231010619473657677888000
6223083124956116561507895939157782409673929632000
8297444166608155415343861252210376546231906176000
9334624687434174842261843908736673614510894448000
10271108070315920538411090385017699122762796480000
12325329684379104646093308462021238947315355776000
12446166249912233123015791878315564819347859264000
18669249374868349684523687817473347229021788896000
21780790937346407965277635787052238433858753712000
24892332499824466246031583756631129638695718528000
29041054583128543953703514382736317911811671616000
31115415624780582807539479695788912048369648160000
37338498749736699369047375634946694458043577792000
43561581874692815930555271574104476867717507424000
58082109166257087907407028765472635823623343232000
62230831249561165615078959391577824096739296320000
74676997499473398738094751269893388916087155584000
87123163749385631861110543148208953735435014848000
105792413124253981545634230965682300964456803744000
124461662499122331230157918783155648193478592640000
130684745624078447791665814722313430603152522272000
174246327498771263722221086296417907470870029696000
211584826248507963091268461931364601928913607488000
261369491248156895583331629444626861206305044544000
317377239372761944636902692897046902893370411232000
332934947185152236040672432744941358917555235312000
373384987497366993690473756349466944580435777920000
423169652497015926182536923862729203857827214976000
435615818746928159305552715741044768677175074240000
522738982496313791166663258889253722412610089088000
634754478745523889273805385794093805786740822464000
665869894370304472081344865489882717835110470624000
871231637493856318611105431482089537354350148480000
998804841555456708122017298234824076752665705936000
1057924131242539815456342309656823009644568037440000
1269508957491047778547610771588187611573481644928000
1306847456240784477916658147223134306031525222720000
1331739788740608944162689730979765435670220941248000
1997609683110913416244034596469648153505331411872000
2330544630296065652284707029214589512422886647184000
2613694912481568955833316294446268612063050445440000
2663479577481217888325379461959530871340441882496000
3107392840394754203046276038952786016563848862912000
3329349471851522360406724327449413589175552353120000
3995219366221826832488069192939296307010662823744000
4661089260592131304569414058429179024845773294368000
6214785680789508406092552077905572033127697725824000
6658698943703044720813448654898827178351104706240000
7990438732443653664976138385878592614021325647488000
9322178521184262609138828116858358049691546588736000
11319788204295176025382862713328006203196878000608000
13317397887406089441626897309797654356702209412480000
13983267781776393913708242175287537074537319883104000
18644357042368525218277656233716716099383093177472000
22639576408590352050765725426656012406393756001216000
27966535563552787827416484350575074149074639766208000
33959364612885528076148588139984018609590634001824000
36289909243181593728433295169198608122013520649008000
39952193662218268324880691929392963070106628237440000
45279152817180704101531450853312024812787512002432000
46610892605921313045694140584291790248457732943680000
55933071127105575654832968701150148298149279532416000
67918729225771056152297176279968037219181268003648000
72579818486363187456866590338397216244027041298016000
93221785211842626091388281168583580496915465887360000
108869727729544781185299885507595824366040561947024000
113197882042951760253828627133280062031968780006080000
135837458451542112304594352559936074438362536007296000
139832677817763939137082421752875370745373198831040000
145159636972726374913733180676794432488054082596032000
215075975881608344482274391553232117860740682011552000
217739455459089562370599771015191648732081123894048000
254029364702271156099033066184390256854094644543056000
279665355635527878274164843505750741490746397662080000
290319273945452749827466361353588864976108165192064000
338705819603028208132044088245853675805459526057408000
362899092431815937284332951691986081220135206490080000
435478910918179124741199542030383297464162247788096000
508058729404542312198066132368780513708189289086112000
677411639206056416264088176491707351610919052114816000
725798184863631874568665903383972162440270412980160000
870957821836358249482399084060766594928324495576192000
1016117458809084624396132264737561027416378578172224000
1233856914268174186766732035752752676148459702066272000
1451596369727263749137331806767944324880540825960320000
1524176188213626936594198397106341541124567867258336000
2032234917618169248792264529475122054832757156344448000
2467713828536348373533464071505505352296919404132544000
3048352376427253873188396794212683082249135734516672000
3701570742804522560300196107258258028445379106198816000
4064469835236338497584529058950244109665514312688896000
4354789109181791247411995420303832974641622477880960000
4935427657072696747066928143011010704593838808265088000
5080587294045423121980661323687805137081892890861120000
6096704752854507746376793588425366164498271469033344000
7403141485609045120600392214516516056890758212397632000
8201519488959040182625924708238885435575055666675808000
10161174588090846243961322647375610274163785781722240000
12193409505709015492753587176850732328996542938066688000
12338569142681741867667320357527526761484597020662720000
14806282971218090241200784429033032113781516424795264000
15241761882136269365941983971063415411245678672583360000
16403038977918080365251849416477770871150111333351616000
23443281371095309548567908679302300846820734339259168000
24604558466877120547877774124716656306725167000027424000
28705318211356640639190736478836099024512694833365328000
30483523764272538731883967942126830822491357345166720000
32806077955836160730503698832955541742300222666703232000
38273757615142187518920981971781465366016926444487104000
41007597444795200913129623541194427177875278333379040000
49209116933754241095755548249433312613450334000054848000
57410636422713281278381472957672198049025389666730656000
74031414856090451206003922145165160568907582123976320000
76547515230284375037841963943562930732033852888974208000
82015194889590401826259247082388854355750556666758080000
98418233867508482191511096498866625226900668000109696000
114821272845426562556762945915344396098050779333461312000
139425831312303683104640720040061052404775946333488736000
164030389779180803652518494164777708711501113333516160000
172231909268139843835144418873016594147076169000191968000
229642545690853125113525891830688792196101558666922624000
278851662624607366209281440080122104809551892666977472000
344463818536279687670288837746033188294152338000383936000
418277493936911049313922160120183157214327839000466208000
459285091381706250227051783661377584392203117333845248000
492091169337542410957555482494333126134503340000548480000
557703325249214732418562880160244209619103785333954944000
574106364227132812783814729576721980490253896667306560000
688927637072559375340577675492066376588304676000767872000
836554987873822098627844320240366314428655678000932416000
975980819186125781732485040280427366833431624334421152000
1148212728454265625567629459153443960980507793334613120000
1377855274145118750681155350984132753176609352001535744000
1394258313123036831046407200400610524047759463334887360000
1673109975747644197255688640480732628857311356001864832000
1722319092681398438351444188730165941470761690001919680000
1951961638372251563464970080560854733666863248668842304000
2649090794933769978988173680761159995690742980336285984000
2788516626246073662092814400801221048095518926669774720000
2927942457558377345197455120841282100500294873003263456000
3444638185362796876702888377460331882941523380003839360000
3903923276744503126929940161121709467333726497337684608000
4860767217123057814902964710416246101484149658449862208000
4879904095930628908662425201402136834167158121672105760000
5855884915116754690394910241682564201000589746006526912000
7291150825684586722354447065624369152226224487674793312000
8365549878738220986278443202403663144286556780009324160000
9721534434246115629805929420832492202968299316899724416000
9759808191861257817324850402804273668334316243344211520000
11711769830233509380789820483365128402001179492013053824000
14582301651369173444708894131248738304452448975349586624000
17707080576662567754289371445087753655406545184353069472000
19519616383722515634649700805608547336668632486688423040000
21873452477053760167063341196873107456678673463024379936000
26490907949337699789881736807611599956907429803362859840000
29164603302738346889417788262497476608904897950699173248000
35414161153325135508578742890175507310813090368706138944000
43746904954107520334126682393746214913357346926048759872000
53121241729987703262868114335263260966219635553059208416000
58329206605476693778835576524994953217809795901398346496000
58558849151167546903949102416825642010005897460065269120000
70828322306650271017157485780351014621626180737412277888000
72911508256845867223544470656243691522262244876747933120000
87493809908215040668253364787492429826714693852097519744000
106242483459975406525736228670526521932439271106118416832000
123949564036637974280025600115614275587845816290471486304000
145823016513691734447088941312487383044524489753495866240000
174987619816430081336506729574984859653429387704195039488000
177070805766625677542893714450877536554065451843530694720000
212484966919950813051472457341053043864878542212236833664000
218734524770537601670633411968731074566786734630243799360000
247899128073275948560051200231228551175691632580942972608000
336434530956588787331498057456667319452724358502708319968000
354141611533251355085787428901755073108130903687061389440000
371848692109913922840076800346842826763537448871414458912000
437469049541075203341266823937462149133573469260487598720000
495798256146551897120102400462457102351383265161885945216000
619747820183189871400128000578071377939229081452357431520000
743697384219827845680153600693685653527074897742828917824000
955140758164680860628432565596792358941635407885397923872000
1062424834599754065257362286705265219324392711061184168320000
1239495640366379742800256001156142755878458162904714863040000
1487394768439655691360307201387371307054149795485657835648000
1859243460549569614200384001734214133817687244357072294560000
1910281516329361721256865131193584717883270815770795847744000
2319627555542796375811907659306495728858257419150252100832000
2478991280732759485600512002312285511756916325809429726080000
2865422274494042581885297696790377076824906223656193771616000
3364345309565887873314980574566673194527243585027083199680000
3718486921099139228400768003468428267635374488714144589120000
3820563032658723442513730262387169435766541631541591695488000
4639255111085592751623815318612991457716514838300504201664000
5730844548988085163770595393580754153649812447312387543232000
6958882666628389127435722977919487186574772257450756302496000
7436973842198278456801536006936856535270748977428289178240000
9278510222171185503247630637225982915433029676601008403328000
9551407581646808606284325655967923589416354078853979238720000
11461689097976170327541190787161508307299624894624775086464000
13917765333256778254871445955838974373149544514901512604992000
16237392888799574630683353615145470102007801934051764705824000
19102815163293617212568651311935847178832708157707958477440000
22923378195952340655082381574323016614599249789249550172928000
23196275555427963758119076593064957288582574191502521008320000
27835530666513556509742891911677948746299089029803025209984000
28654222744940425818852976967903770768249062236561937716160000
32474785777599149261366707230290940204015603868103529411648000
44072923555313131140426245526823418848306890963854789915808000
46392551110855927516238153186129914577165148383005042016640000
48712178666398723892050060845436410306023405802155294117472000
57308445489880851637705953935807541536498124473123875432320000
64949571555198298522733414460581880408031207736207058823296000
81186964443997873153416768075727350510039009670258823529120000
97424357332797447784100121690872820612046811604310588234944000
129899143110396597045466828921163760816062415472414117646592000
139177653332567782548714459558389743731495445149015126049920000
162373928887995746306833536151454701020078019340517647058240000
194848714665594895568200243381745641224093623208621176469888000
243560893331993619460250304227182051530117029010776470587360000
261708567737122555812190522973521106350008101760599031140928000
308510464887191917982983718687763931938148236746983529410656000
324747857775991492613667072302909402040156038681035294116480000
389697429331189791136400486763491282448187246417242352939776000
440729235553131311404262455268234188483068909638547899158080000
487121786663987238920500608454364103060234058021552941174720000
523417135474245111624381045947042212700016203521198062281856000
617020929774383835965967437375527863876296473493967058821312000
779394858662379582272800973526982564896374492834484705879552000
785125703211367667436571568920563319050024305281797093422784000
925531394661575753948951156063291795814444710240950588231968000
974243573327974477841001216908728206120468116043105882349440000
1234041859548767671931934874751055727752592946987934117642624000
1308542838685612779060952614867605531750040508802995155704640000
1542552324435959589914918593438819659690741183734917647053280000
1570251406422735334873143137841126638100048610563594186845568000
1851062789323151507897902312126583591628889420481901176463936000
2224522825765541724403619445274929403975068864965091764697888000
2617085677371225558121905229735211063500081017605990311409280000
3085104648871919179829837186877639319381482367469835294106560000
3702125578646303015795804624253167183257778840963802352927872000
3925628516056838337182857844602816595250121526408985467113920000
4449045651531083448807238890549858807950137729930183529395776000
6037990527077898966238395637174808382218044062048106218465696000
6170209297743838359659674373755278638762964734939670588213120000
6673568477296625173210858335824788211925206594895275294093664000
7851257032113676674365715689205633190500243052817970934227840000
8898091303062166897614477781099717615900275459860367058791552000
11122614128827708622018097226374647019875344324825458823489440000
13347136954593250346421716671649576423850413189790550588187328000
17796182606124333795228955562199435231800550919720734117583104000
18510627893231515078979023121265835916288894204819011764639360000
22245228257655417244036194452749294039750688649650917646978880000
26694273909186500692843433343299152847700826379581101176374656000
33367842386483125866054291679123941059626032974476376470468320000
36377490915460035257894482693319433782651126144723265328588992000
42265933689545292763668769460223658675526308434336743529259872000
44490456515310834488072388905498588079501377299301835293957760000
53388547818373001385686866686598305695401652759162202352749312000
60379905270778989662383956371748083822180440620481062184656960000
66735684772966251732108583358247882119252065948952752940936640000
72754981830920070515788965386638867565302252289446530657177984000
84531867379090585527337538920447317351052616868673487058519744000
106777095636746002771373733373196611390803305518324404705498624000
109132472746380105773683448079958301347953378434169795985766976000
126797801068635878291006308380670976026578925303010230587779616000
133471369545932503464217166716495764238504131897905505881873280000
169063734758181171054675077840894634702105233737346974117039488000
181887454577300176289472413466597168913255630723616326642944960000
211329668447726463818343847301118293377631542171683717646299360000
218264945492760211547366896159916602695906756868339591971533952000
253595602137271756582012616761341952053157850606020461175559232000
309208672781410299692103102893215187152534572230147755293006432000
362279431624673937974303738230488502933082643722886373107941760000
363774909154600352578944826933194337826511261447232653285889920000
422659336895452927636687694602236586755263084343367435292598720000
507191204274543513164025233522683904106315701212040922351118464000
545662363731900528868417240399791506739766892170848979928834880000
618417345562820599384206205786430374305069144460295510586012864000
839280683263827956307136993567298365128308124624686764366731744000
845318673790905855273375389204473173510526168686734870585197440000
927626018344230899076309308679645561457603716690443265879019296000
1091324727463801057736834480799583013479533784341697959857669760000
1236834691125641198768412411572860748610138288920591021172025728000
1546043363907051498460515514466075935762672861150738776465032160000
1855252036688461798152618617359291122915207433380886531758038592000
2473669382251282397536824823145721497220276577841182042344051456000
2535956021372717565820126167613419520531578506060204611755592320000
3092086727814102996921031028932151871525345722301477552930064320000
3710504073376923596305237234718582245830414866761773063516077184000
4638130091721154495381546543398227807288018583452216329395096480000
5420246146403545253426277921304595633615017795563766533959759808000
5874964782846795694149958954971088555898156872372807350567122208000
6184173455628205993842062057864303743050691444602955105860128640000
7421008146753847192610474469437164491660829733523546127032154368000
8392806832638279563071369935672983651283081246246867643667317440000
9276260183442308990763093086796455614576037166904432658790192960000
10840492292807090506852555842609191267230035591127533067919519616000
11749929565693591388299917909942177111796313744745614701134244416000
14842016293507694385220948938874328983321659467047092254064308736000
16260738439210635760278833763913786900845053386691299601879279424000
17624894348540387082449876864913265667694470617118422051701366624000
18552520366884617981526186173592911229152074333808865317580385920000
23499859131387182776599835819884354223592627489491229402268488832000
27101230732017726267131389606522978168075088977818832669798799040000
29374823914233978470749794774855442779490784361864036752835611040000
32521476878421271520557667527827573801690106773382599203758558848000
35249788697080774164899753729826531335388941234236844103402733248000
46072092244430134654123362331089062885727651262292015538657958368000
50356840995829677378428219614037901907698487477481205862003904640000
54202461464035452534262779213045956336150177955637665339597598080000
58749647828467956941499589549710885558981568723728073505671222080000
70499577394161548329799507459653062670777882468473688206805466496000
81303692196053178801394168819568934504225266933456498009396397120000
88124471742701935412249384324566328338472353085592110258506833120000
92144184488860269308246724662178125771455302524584031077315916736000
117499295656935913882999179099421771117963137447456147011342444160000
138216276733290403962370086993267188657182953786876046615973875104000
162607384392106357602788337639137869008450533866912996018792794240000
176248943485403870824498768649132656676944706171184220517013666240000
184288368977720538616493449324356251542910605049168062154631833472000
230360461222150673270616811655445314428638256311460077693289791840000
276432553466580807924740173986534377314365907573752093231947750208000
352497886970807741648997537298265313353889412342368441034027332480000
460720922444301346541233623310890628857276512622920155386579583680000
552865106933161615849480347973068754628731815147504186463895500416000
691081383666452019811850434966335943285914768934380233079869375520000
818457168106935333267367966116993940675867687130128746627923731008000
875369752644172558428343884290692194828825373983548295234501208992000
921441844888602693082467246621781257714553025245840310773159167360000
1105730213866323231698960695946137509257463630295008372927791000832000
1250528218063103654897634120415274564041179105690783278906430298560000
1382162767332904039623700869932671886571829537868760466159738751040000
1636914336213870666534735932233987881351735374260257493255847462016000
1750739505288345116856687768581384389657650747967096590469002417984000
2211460427732646463397921391892275018514927260590016745855582001664000
2455371504320805999802103898350981822027603061390386239883771193024000
2626109257932517675285031652872076584486476121950644885703503626976000
2764325534665808079247401739865343773143659075737520932319477502080000
3501479010576690233713375537162768779315301495934193180938004835968000
4092285840534676666336839830584969703379338435650643733139618655040000
4376848763220862792141719421453460974144126869917741476172506044960000
4910743008641611999604207796701963644055206122780772479767542386048000
5252218515865035350570063305744153168972952243901289771407007253952000
6956885928908950332772627711994448495744875340606094346337351713568000
7503169308378621929385804722491647384247074634144699673438581791360000
8184571681069353332673679661169939406758676871301287466279237310080000
8753697526441725584283438842906921948288253739835482952345012089920000
10504437031730070701140126611488306337945904487802579542814014507904000
12276857521604029999010519491754909110138015306951931199418855965120000
13130546289662588376425158264360382922432380609753224428517518134880000
13913771857817900665545255423988896991489750681212188692674703427136000
17507395052883451168566877685813843896576507479670965904690024179840000
20870657786726850998317883135983345487234626021818283039012055140704000
24553715043208059998021038983509818220276030613903862398837711930240000
26261092579325176752850316528720765844864761219506448857035036269760000
27827543715635801331090510847977793982979501362424377385349406854272000
34784429644544751663863138559972242478724376703030471731686758567840000
41741315573453701996635766271966690974469252043636566078024110281408000
52522185158650353505700633057441531689729522439012897714070072539520000
69568859289089503327726277119944484957448753406060943463373517135680000
83482631146907403993271532543933381948938504087273132156048220562816000
104353288933634254991589415679916727436173130109091415195060275703520000
125223946720361105989907298815900072923407756130909698234072330844224000
132180832649270056322679926527894521419152631471515792580409682557792000
139137718578179006655452554239888969914897506812121886926747034271360000
166965262293814807986543065087866763897877008174546264312096441125632000
188829760927528651889542752182706459170218044959308275114870975082560000
208706577867268509983178831359833454872346260218182830390120551407040000
250447893440722211979814597631800145846815512261819396468144661688448000
264361665298540112645359853055789042838305262943031585160819365115584000
333930524587629615973086130175733527795754016349092528624192882251264000
377659521855057303779085504365412918340436089918616550229741950165120000
385493326178366541968930312041104146058333680638290639661752077304768000
396542497947810168968039779583683564257457894414547377741229047673376000
417413155734537019966357662719666909744692520436365660780241102814080000
528723330597080225290719706111578085676610525886063170321638730231168000
626119733601805529949536494079500364617038780654548491170361654221120000
660904163246350281613399632639472607095763157357578962902048412788960000
770986652356733083937860624082208292116667361276581279323504154609536000
793084995895620337936079559167367128514915788829094755482458095346752000
1057446661194160450581439412223156171353221051772126340643277460462336000
1132978565565171911337256513096238755021308269755849650689225850495360000
1252239467203611059899072988159000729234077561309096982340723308442240000
1321808326492700563226799265278945214191526314715157925804096825577920000
1586169991791240675872159118334734257029831577658189510964916190693504000
1927466630891832709844651560205520730291668403191453198308760386523840000
1982712489739050844840198897918417821287289472072736888706145238366880000
2184462181677410404490605101566256827663890856950313624749928438060352000
2643616652985401126453598530557890428383052629430315851608193651155840000
3172339983582481351744318236669468514059663155316379021929832381387008000
3854933261783665419689303120411041460583336806382906396617520773047680000
3965424979478101689680397795836835642574578944145473777412290476733760000
4368924363354820808981210203132513655327781713900627249499856876120704000
5287233305970802252907197061115780856766105258860631703216387302311680000
6344679967164962703488636473338937028119326310632758043859664762774016000
6553386545032231213471815304698770482991672570850940874249785314181056000
7930849958956203379360795591673671285149157888290947554824580953467520000
10574466611941604505814394122231561713532210517721263406432774604623360000
10922310908387052022453025507831284138319454284751568123749642190301760000
13106773090064462426943630609397540965983345141701881748499570628362112000
15861699917912406758721591183347342570298315776581895109649161906935040000
19660159635096693640415445914096311448975017712552822622749355942543168000
20752390725935398842660748464879439862806963141027979435124320161573344000
21844621816774104044906051015662568276638908569503136247499284380603520000
26213546180128924853887261218795081931966690283403763496999141256724224000
29646272465621998346658212092684914089724233058611399193034743087961920000
31723399835824813517443182366694685140596631553163790219298323813870080000
32766932725161156067359076523493852414958362854254704371248926570905280000
39320319270193387280830891828192622897950035425105645245498711885086336000
41504781451870797685321496929758879725613926282055958870248640323146688000
52427092360257849707774522437590163863933380566807526993998282513448448000
59292544931243996693316424185369828179448466117222798386069486175923840000
62257172177806196527982245394638319588420889423083938305372960484720032000
65533865450322312134718153046987704829916725708509408742497853141810560000
83009562903741595370642993859517759451227852564111917740497280646293376000
98300798175483468202077229570481557244875088562764113113746779712715840000
103761953629676994213303742324397199314034815705139897175621600807866720000
124514344355612393055964490789276639176841778846167876610745920969440064000
166019125807483190741285987719035518902455705128223835480994561292586752000
177877634793731990079949272556109484538345398351668395158208458527771520000
196601596350966936404154459140963114489750177125528226227493559425431680000
207523907259353988426607484648794398628069631410279794351243201615733440000
249028688711224786111928981578553278353683557692335753221491841938880128000
311285860889030982639911226973191597942104447115419691526864802423600160000
356067335613417895931968631555299862909214209682901120834238335403837376000
415047814518707976853214969297588797256139262820559588702486403231466880000
498057377422449572223857963157106556707367115384671506442983683877760256000
622571721778061965279822453946383195884208894230839383053729604847200320000
712134671226835791863937263110599725818428419365802241668476670807674752000
830095629037415953706429938595177594512278525641119177404972806462933760000
996114754844899144447715926314213113414734230769343012885967367755520512000
1068202006840253687795905894665899588727642629048703362502715006211512128000
1245143443556123930559644907892766391768417788461678766107459209694400640000
1660191258074831907412859877190355189024557051282238354809945612925867520000
1780336678067089479659843157776499314546071048414505604171191677019186880000
2136404013680507375591811789331799177455285258097406725005430012423024256000
2490286887112247861119289815785532783536835576923357532214918419388801280000
3204606020520761063387717683997698766182927887146110087508145018634536384000
3382639688327470011353701999775348697637534991987560647925264186336455072000
3560673356134178959319686315552998629092142096829011208342383354038373760000
4272808027361014751183623578663598354910570516194813450010860024846048512000
4773049866965141733811972146922271168445601522436435270078593637161869120000
4980573774224495722238579631571065567073671153846715064429836838777602560000
5341010034201268438979529473329497943638213145243516812513575031057560640000
6409212041041522126775435367995397532365855774292220175016290037269072768000
6765279376654940022707403999550697395275069983975121295850528372672910144000
8545616054722029502367247157327196709821141032389626900021720049692097024000
9546099733930283467623944293844542336891203044872870540157187274323738240000
10147919064982410034061105999326046092912604975962681943775792559009365216000
10682020068402536877959058946658995887276426290487033625027150062115121280000
13530558753309880045414807999101394790550139967950242591701056745345820288000
16023030102603805316938588419988493830914639435730550437540725093172681920000
16913198441637350056768509998876743488187674959937803239626320931682275360000
20295838129964820068122211998652092185825209951925363887551585118018730432000
27061117506619760090829615998202789581100279935900485183402113490691640576000
28638299201790850402871832881533627010673609134618611620471561822971214720000
32046060205207610633877176839976987661829278871461100875081450186345363840000
33826396883274700113537019997753486976375349919875606479252641863364550720000
40591676259929640136244423997304184371650419903850727775103170236037460864000
50739595324912050170305529996630230464563024879813409718878962795046826080000
59463245047440788620638761469735077105838773017044487179317802012440841792000
67652793766549400227074039995506973952750699839751212958505283726729101440000
81183352519859280272488847994608368743300839807701455550206340472074921728000
101479190649824100340611059993260460929126049759626819437757925590093652160000
118926490094881577241277522939470154211677546034088974358635604024881683584000
135305587533098800454148079991013947905501399679502425917010567453458202880000
162366705039718560544977695989216737486601679615402911100412680944149843456000
178389735142322365861916284409205231317516319051133461537953406037322525376000
202958381299648200681222119986520921858252099519253638875515851180187304320000
270611175066197600908296159982027895811002799359004851834021134906916405760000
297316225237203943103193807348675385529193865085222435896589010062204208960000
356779470284644731723832568818410462635032638102266923075906812074645050752000
405916762599296401362444239973041843716504199038507277751031702360374608640000
535169205426967097585748853227615693952548957153400384613860218111967576128000
564900827950687491896068233962483232505468343661922628203519119118187997024000
594632450474407886206387614697350771058387730170444871793178020124408417920000
713558940569289463447665137636820925270065276204533846151813624149290101504000
778007128315318102611351459948330200456633048157138949022810762857384666560000
811833525198592802724888479946083687433008398077014555502063404720749217280000
891948675711611829309581422046026156587581595255667307689767030186612626880000
1070338410853934195171497706455231387905097914306800769227720436223935152256000
1129801655901374983792136467924966465010936687323845256407038238236375994048000
1420708669097537404768554839905646453007764696634775472128610958261311130240000
1427117881138578926895330275273641850540130552409067692303627248298580203008000
1556014256630636205222702919896660400913266096314277898045621525714769333120000
1694702483852062475688204701887449697516405030985767884610557357354563991072000
1783897351423223658619162844092052313175163190511334615379534060373225253760000
2259603311802749967584272935849932930021873374647690512814076476472751988096000
2675846027134835487928744266138078469762744785767001923069301090559837880640000
2824504139753437459480341169812416162527341718309613141017595595590939985120000
3389404967704124951376409403774899395032810061971535769221114714709127982144000
4519206623605499935168545871699865860043746749295381025628152952945503976192000
4668042769891908615668108759689981202739798288942833694136864577144307999360000
5351692054269670975857488532276156939525489571534003846138602181119675761280000
5649008279506874918960682339624832325054683436619226282035191191181879970240000
6778809935408249902752818807549798790065620123943071538442229429418255964288000
8473512419260312378441023509437248487582025154928839423052786786772819955360000
10168214903112374854129228211324698185098430185914607307663344144127383946432000
11298016559013749837921364679249664650109366873238452564070382382363759940480000
13557619870816499805505637615099597580131240247886143076884458858836511928576000
16947024838520624756882047018874496975164050309857678846105573573545639910720000
20336429806224749708258456422649396370196860371829214615326688288254767892864000
22596033118027499675842729358499329300218733746476905128140764764727519880960000
27115239741632999611011275230199195160262480495772286153768917717673023857152000
30861424179621769294111517202792505017930323195846088846065939244456796890048000
33894049677041249513764094037748993950328100619715357692211147147091279821440000
45192066236054999351685458716998658600437467492953810256281529529455039761920000
50841074515561874270646141056623490925492150929573036538316720720636919732160000
61722848359243538588223034405585010035860646391692177692131878488913593780096000
67788099354082499027528188075497987900656201239430715384422294294182559642880000
92584272538865307882334551608377515053790969587538266538197817733370390670144000
97727843235468936098019804475509599223446023453512614679208807607446523485152000
101682149031123748541292282113246981850984301859146073076633441441273839464320000
123445696718487077176446068811170020071721292783384355384263756977827187560192000
129927190428658123136095693811371143476257719042242204486809397397183239315520000
135576198708164998055056376150995975801312402478861430768844588588365119285760000
154307120898108846470557586013962525089651615979230444230329696222283984450240000
185168545077730615764669103216755030107581939175076533076395635466740781340288000
194890785642987184704143540717056715214386578563363306730214096095774858973280000
195455686470937872196039608951019198446892046907025229358417615214893046970304000
237258347739288746596348658264242957652296704338007503845478030029638958750080000
246891393436974154352892137622340040143442585566768710768527513955654375120384000
259854380857316246272191387622742286952515438084484408973618794794366478631040000
293183529706406808294059413426528797670338070360537844037626422822339570455456000
308614241796217692941115172027925050179303231958460888460659392444567968900480000
389781571285974369408287081434113430428773157126726613460428192191549717946560000
390911372941875744392079217902038396893784093814050458716835230429786093940608000
462921362694326539411672758041887575268954847937691332690989088666851953350720000
488639216177344680490099022377547996117230117267563073396044038037232617425760000
586367059412813616588118826853057595340676140721075688075252845644679140910912000
779563142571948738816574162868226860857546314253453226920856384383099435893120000
925842725388653078823345516083775150537909695875382665381978177333703906701440000
977278432354689360980198044755095992234460234535126146792088076074465234851520000
1172734118825627233176237653706115190681352281442151376150505691289358281821824000
1465917648532034041470297067132643988351690351802689220188132114111697852277280000
1759101178238440849764356480559172786022028422163227064225758536934037422732736000
1954556864709378721960396089510191984468920469070252293584176152148930469703040000
2345468237651254466352475307412230381362704562884302752301011382578716563643648000
2931835297064068082940594134265287976703380703605378440376264228223395704554560000
3518202356476881699528712961118345572044056844326454128451517073868074845465472000
3909113729418757443920792179020383968937840938140504587168352304297860939406080000
4690936475302508932704950614824460762725409125768605504602022765157433127287296000
5524194928152296703645961579299858398209527852056449903445803124757766643318592000
5863670594128136165881188268530575953406761407210756880752528456446791409109120000
7818227458837514887841584358040767937875681876281009174336704608595721878812160000
8795505891192204248821782402795863930110142110816135321128792684670187113663680000
11048389856304593407291923158599716796419055704112899806891606249515533286637184000
11727341188256272331762376537061151906813522814421513761505056912893582818218240000
16572584784456890110937884737899575194628583556169349710337409374273299929955776000
17493283939148939561545545001116218260996838198178758027578376561732927703842208000
17591011782384408497643564805591727860220284221632270642257585369340374227327360000
22096779712609186814583846317199433592838111408225799613783212499031066573274368000
22477403944157855302544555029367207821392585394307901376218025749712700401584960000
23454682376512544663524753074122303813627045628843027523010113825787165636436480000
26972884732989426363053466035240649385671102473169481651461630899655240481901952000
27620974640761483518229807896499291991047639260282249517229015623788833216592960000
33145169568913780221875769475799150389257167112338699420674818748546599859911552000
33716105916236782953816832544050811732088878091461852064327038624569050602377440000
34986567878297879123091090002232436521993676396357516055156753123465855407684416000
41045694158896953161168317879714031673847329850475298165267699195127539863763840000
44193559425218373629167692634398867185676222816451599227566424998062133146548736000
44954807888315710605089110058734415642785170788615802752436051499425400803169920000
52479851817446818684636635003348654782990514594536274082735129685198783111526624000
55241949281522967036459615792998583982095278520564499034458031247577666433185920000
67432211832473565907633665088101623464177756182923704128654077249138101204754880000
69973135756595758246182180004464873043987352792715032110313506246931710815368832000
82862923922284450554689423689497875973142917780846748551687046871366499649778880000
87466419695744697807727725005581091304984190990893790137891882808664638519211040000
104959703634893637369273270006697309565981029189072548165470259370397566223053248000
134864423664947131815267330176203246928355512365847408257308154498276202409509760000
165725847844568901109378847378995751946285835561693497103374093742732999299557760000
174932839391489395615455450011162182609968381981787580275783765617329277038422080000
209919407269787274738546540013394619131962058378145096330940518740795132446106496000
262399259087234093423183175016743273914952572972681370413675648425993915557633120000
314879110904680912107819810020091928697943087567217644496410778111192698669159744000
349865678782978791230910900022324365219936763963575160551567531234658554076844160000
419838814539574549477093080026789238263924116756290192661881037481590264892212992000
524798518174468186846366350033486547829905145945362740827351296851987831115266240000
629758221809361824215639620040183857395886175134435288992821556222385397338319488000
699731357565957582461821800044648730439873527927150321103135062469317108153688320000
839677629079149098954186160053578476527848233512580385323762074963180529784425984000
999879281995565703359919045853274370075924541222217432523690365581155762440665152000
1049597036348936373692732700066973095659810291890725481654702593703975662230532480000
1399462715131915164923643600089297460879747055854300642206270124938634216307376640000
1574395554523404560539099050100459643489715437836088222482053890555963493345798720000
1999758563991131406719838091706548740151849082444434865047380731162311524881330304000
2099194072697872747385465400133946191319620583781450963309405187407951324461064960000
2999637845986697110079757137559823110227773623666652297571071096743467287321995456000
3148791109046809121078198100200919286979430875672176444964107781111926986691597440000
3999517127982262813439676183413097480303698164888869730094761462324623049762660608000
4023455306004256099155475350256730200029272785581114346343026609198573371883707840000
4198388145395745494770930800267892382639241167562901926618810374815902648922129920000
4828146367205107318986570420308076240035127342697337215611631931038288046260449408000
4999396409977828516799595229266371850379622706111087162618451827905778812203325760000
5999275691973394220159514275119646220455547247333304595142142193486934574643990912000
6035182959006384148733213025385095300043909178371671519514539913797860057825561760000
6297582218093618242156396200401838573958861751344352889928215562223853973383194880000
7347179254442554615849128900468811669618672043235078371582918155927829635613727360000
7999034255964525626879352366826194960607396329777739460189522924649246099525321216000
8046910612008512198310950700513460400058545571162228692686053218397146743767415680000
9498853178957874181919230935606106515721283141611065608975058473020979743186318944000
9998792819955657033599190458532743700759245412222174325236903655811557624406651520000
12070365918012768297466426050770190600087818356743343039029079827595720115651123520000
12665137571943832242558974580808142020961710855481420811966744630694639657581758592000
14998189229933485550398785687799115551138868118333261487855355483717336436609977280000
15831421964929790303198718226010177526202138569351776014958430788368299571977198240000
18997706357915748363838461871212213031442566283222131217950116946041959486372637888000
24140731836025536594932852101540381200175636713486686078058159655191440231302247040000
29996378459866971100797571375598231102277736236666522975710710967434672873219954560000
31662843929859580606397436452020355052404277138703552029916861576736599143954396480000
37995412715831496727676923742424426062885132566444262435900233892083918972745275776000
47494265894789370909596154678030532578606415708055328044875292365104898715931594720000
56993119073747245091515385613636639094327698849666393653850350838125878459117913664000
63325687859719161212794872904040710104808554277407104059833723153473198287908792960000
75990825431662993455353847484848852125770265132888524871800467784167837945490551552000
94988531789578741819192309356061065157212831416110656089750584730209797431863189440000
113986238147494490183030771227273278188655397699332787307700701676251756918235827328000
126651375719438322425589745808081420209617108554814208119667446306946396575817585920000
151981650863325986910707694969697704251540530265777049743600935568335675890981103104000
189977063579157483638384618712122130314425662832221312179501169460419594863726378880000
253302751438876644851179491616162840419234217109628416239334892613892793151635171840000
284965595368736225457576928068183195471638494248331968269251754190629392295589568320000
364122705193385176973570519198234083102649187095090848344043908132470890155475559520000
379954127158314967276769237424244260628851325664442624359002338920839189727452757760000
569931190737472450915153856136366390943276988496663936538503508381258784591179136640000
728245410386770353947141038396468166205298374190181696688087816264941780310951119040000
759908254316629934553538474848488521257702651328885248718004677841678379454905515520000
873894492464124424736569246075761799446358049028218036025705379517930136373141342848000
954884714305765246708722688789877023422507936867217648060124299130003753130835220160000
1092368115580155530920711557594702249307947561285272545032131724397412670466426678560000
1139862381474944901830307712272732781886553976993327873077007016762517569182358273280000
1329839445054102385468692330984854912200979639825549185256508186222937164046084652160000
1456490820773540707894282076792936332410596748380363393376175632529883560621902238080000
1747788984928248849473138492151523598892716098056436072051410759035860272746282685696000
1909769428611530493417445377579754046845015873734435296120248598260007506261670440320000
2184736231160311061841423115189404498615895122570545090064263448794825340932853357120000
2419041276241271958328764144934355126003686773396951375085648224462676174598115891072000
2864654142917295740126168066369631070267523810601652944180372897390011259392505660480000
2912981641547081415788564153585872664821193496760726786752351265059767121243804476160000
3495577969856497698946276984303047197785432196112872144102821518071720545492565371392000
3628561914361907937493146217401532689005530160095427062628472336694014261897173836608000
4369472462320622123682846230378808997231790245141090180128526897589650681865706714240000
5729308285834591480252336132739262140535047621203305888360745794780022518785011320960000
6047603190603179895821910362335887815009216933492378437714120561156690436495289727680000
7257123828723815874986292434803065378011060320190854125256944673388028523794347673216000
8738944924641244247365692460757617994463580490282180360257053795179301363731413428480000
10885685743085723812479438652204598067016590480286281187885417010082042785691521509824000
12095206381206359791643820724671775630018433866984756875428241122313380872990579455360000
14514247657447631749972584869606130756022120640381708250513889346776057047588695346432000
17477889849282488494731384921515235988927160980564360720514107590358602727462826856960000
18142809571809539687465731087007663445027650800477135313142361683470071309485869183040000
21771371486171447624958877304409196134033180960572562375770834020164085571383043019648000
24190412762412719583287641449343551260036867733969513750856482244626761745981158910720000
29028495314895263499945169739212261512044241280763416501027778693552114095177390692864000
34955779698564976989462769843030471977854321961128721441028215180717205454925653713920000
36285619143619079374931462174015326890055301600954270626284723366940142618971738366080000
48380825524825439166575282898687102520073735467939027501712964489253523491962317821440000
54428428715428619062397193261022990335082952401431405939427085050410213928457607549120000
69547436691936568801951969166862709872605994735162352033712386453301940019695831868320000
72571238287238158749862924348030653780110603201908541252569446733880285237943476732160000
108856857430857238124794386522045980670165904802862811878854170100820427856915215098240000
139094873383873137603903938333725419745211989470324704067424772906603880039391663736640000
145142476574476317499725848696061307560221206403817082505138893467760570475886953464320000
166913848060647765124684726000470503694254387364389644880909727487924656047269996483968000
184292749861012692614783478936446265520544031815373006075603989732090724354251197490880000
208642310075809706405855907500588129617817984205487056101137159359905820059087495604960000
217713714861714476249588773044091961340331809605725623757708340201640855713830430196480000
253999334005333555624520235218107288230387111206679894383993063568580998332802168562560000
278189746767746275207807876667450839490423978940649408134849545813207760078783327473280000
333827696121295530249369452000941007388508774728779289761819454975849312094539992967936000
368585499722025385229566957872892531041088063630746012151207979464181448708502394981760000
417284620151619412811711815001176259235635968410974112202274318719811640118174991209920000
466874966314565487957451479972330539318711547265611615391530107321296501697436366976896000
552878249583038077844350436809338796561632095446119018226811969196272173062753592472640000
556379493535492550415615753334901678980847957881298816269699091626415520157566654946560000
667655392242591060498738904001882014777017549457558579523638909951698624189079985935872000
700312449471848231936177219958495808978067320898417423087295160981944752546154550465344000
834569240303238825623423630002352518471271936821948224404548637439623280236349982419840000
1105756499166076155688700873618677593123264190892238036453623938392544346125507184945280000
1167187415786413719893628699930826348296778868164029038478825268303241254243590917442240000
1400624898943696463872354439916991617956134641796834846174590321963889505092309100930688000
1669138480606477651246847260004705036942543873643896448809097274879246560472699964839680000
2100937348415544695808531659875487426934201962695252269261885482945834257638463651396032000
2334374831572827439787257399861652696593557736328058076957650536606482508487181834884480000
2801249797887392927744708879833983235912269283593669692349180643927779010184618201861376000
3338276961212955302493694520009410073885087747287792897618194549758493120945399929679360000
3501562247359241159680886099792479044890336604492087115436475804909723762730772752326720000
4201874696831089391617063319750974853868403925390504538523770965891668515276927302792064000
4668749663145654879574514799723305393187115472656116153915301073212965016974363669768960000
5602499595774785855489417759667966471824538567187339384698361287855558020369236403722752000
6676553922425910604987389040018820147770175494575585795236389099516986241890799859358720000
7003124494718482319361772199584958089780673208984174230872951609819447525461545504653440000
9337499326291309759149029599446610786374230945312232307830602146425930033948727339537920000
10504686742077723479042658299377437134671009813476261346309427414729171288192318256980160000
13422655281543757778776730049204503005412956983886333942506490585487274423801295550585760000
14006248989436964638723544399169916179561346417968348461745903219638895050923091009306880000
21009373484155446958085316598754874269342019626952522692618854829458342576384636513960320000
26845310563087515557553460098409006010825913967772667885012981170974548847602591101171520000
28012497978873929277447088798339832359122692835936696923491806439277790101846182018613760000
32214372675705018669064152118090807212991096761327201462015577405169458617123109321405824000
36305671722619500445112345350479914307547174267628482196893985977221872697787485905703360000
40267965844631273336330190147613509016238870951659001827519471756461823271403886651757280000
42018746968310893916170633197509748538684039253905045385237709658916685152769273027920640000
49021871463029376235532405397094706628464712462889219616110661268736132678230818532574080000
53690621126175031115106920196818012021651827935545335770025962341949097695205182202343040000
64428745351410037338128304236181614425982193522654402924031154810338917234246218642811648000
72611343445239000890224690700959828615094348535256964393787971954443745395574971811406720000
80535931689262546672660380295227018032477741903318003655038943512923646542807773303514560000
91974368363969401127617941554549116245786174811325488232131431142295410834394964294448512000
107381242252350062230213840393636024043303655871090671540051924683898195390410364404686080000
128857490702820074676256608472363228851964387045308805848062309620677834468492437285623296000
137961552545954101691426912331823674368679262216988232348197146713443116251592446441672768000
161071863378525093345320760590454036064955483806636007310077887025847293085615546607029120000
214762484504700124460427680787272048086607311742181343080103849367796390780820728809372160000
217834030335717002670674072102879485845283045605770893181363915863331236186724915434220160000
229935920909923502819044853886372790614465437028313720580328577855738527085987410736121280000
275923105091908203382853824663647348737358524433976464696394293426886232503184892883345536000
322143726757050186690641521180908072129910967613272014620155774051694586171231093214058240000
413884657637862305074280736995471023106037786650964697044591440140329348754777339325018304000
459871841819847005638089707772745581228930874056627441160657155711477054171974821472242560000
551846210183816406765707649327294697474717048867952929392788586853772465006369785766691072000
644287453514100373381283042361816144259821935226544029240311548103389172342462186428116480000
689807762729770508457134561659118371843396311084941161740985733567215581257962232208363840000
827769315275724610148561473990942046212075573301929394089182880280658697509554678650036608000
919743683639694011276179415545491162457861748113254882321314311422954108343949642944485120000
1103692420367632813531415298654589394949434097735905858785577173707544930012739571533382144000
1288574907028200746762566084723632288519643870453088058480623096206778344684924372856232960000
1379615525459541016914269123318236743686792622169882323481971467134431162515924464416727680000
1839487367279388022552358831090982324915723496226509764642628622845908216687899285888970240000
2069423288189311525371403684977355115530188933254823485222957200701646743773886696625091520000
2644263090464120282419015819693287092066352525825607786673778645340993061488855223465394720000
2759231050919082033828538246636473487373585244339764646963942934268862325031848928833455360000
4138846576378623050742807369954710231060377866509646970445914401403293487547773393250183040000
5288526180928240564838031639386574184132705051651215573347557290681986122977710446930789440000
5518462101838164067657076493272946974747170488679529293927885868537724650063697857666910720000
6346231417113888677805637967263889020959246061981458688017068748818383347573252536316947328000
7224828672801280588577356724745502947201887679258067957181903209467152666859709695234968640000
7932789271392360847257047459079861276199057577476823360021335936022979184466565670396184160000
8277693152757246101485614739909420462120755733019293940891828802806586975095546786500366080000
9657308678216787118399883863227657205807548355189176264373800269941018137611471250917093760000
10577052361856481129676063278773148368265410103302431146695114581363972245955420893861578880000
12692462834227777355611275934527778041918492123962917376034137497636766695146505072633894656000
14449657345602561177154713449491005894403775358516135914363806418934305333719419390469937280000
15865578542784721694514094918159722552398115154953646720042671872045958368933131340792368320000
18302899304429910824395970369355274132911448787453772158194154797316786756044597894595253888000
21154104723712962259352126557546296736530820206604862293390229162727944491910841787723157760000
25384925668455554711222551869055556083836984247925834752068274995273533390293010145267789312000
27454348956644866236593955554032911199367173181180658237291232195975180134066896841892880832000
31731157085569443389028189836319445104796230309907293440085343744091916737866262681584736640000
42308209447425924518704253115092593473061640413209724586780458325455888983821683575446315520000
43348972036807683531464140348473017683211326075548407743091419256802916001158258171409811840000
45757248261074777060989925923388185332278621968634430395485386993291966890111494736488134720000
54908697913289732473187911108065822398734346362361316474582464391950360268133793683785761664000
63462314171138886778056379672638890209592460619814586880170687488183833475732525363169473280000
82363046869934598709781866662098733598101519543541974711873696587925540402200690525678642496000
91514496522149554121979851846776370664557243937268860790970773986583933780222989472976269440000
109817395826579464946375822216131644797468692724722632949164928783900720536267587367571523328000
126924628342277773556112759345277780419184921239629173760341374976367666951465050726338946560000
137271744783224331182969777770164555996835865905903291186456160979875900670334484209464404160000
164726093739869197419563733324197467196203039087083949423747393175851080804401381051357284992000
183028993044299108243959703693552741329114487874537721581941547973167867560445978945952538880000
219634791653158929892751644432263289594937385449445265898329857567801441072535174735143046656000
253849256684555547112225518690555560838369842479258347520682749952735333902930101452677893120000
274543489566448662365939555540329111993671731811806582372912321959751801340668968418928808320000
366057986088598216487919407387105482658228975749075443163883095946335735120891957891905077760000
411815234349672993548909333310493667990507597717709873559368482939627702011003452628393212480000
526208355002359936201384148118964131321204152639295949548081950422857619236282189469613549280000
549086979132897324731879111080658223987343463623613164745824643919503602681337936837857616640000
823630468699345987097818666620987335981015195435419747118736965879255404022006905256786424960000
1052416710004719872402768296237928262642408305278591899096163900845715238472564378939227098560000
1098173958265794649463758222161316447974686927247226329491649287839007205362675873675715233280000
1262900052005663846883321955485513915170889966334310278915396681014858286167077254727072518272000
1509989192615467643012667555471810115965194524964936203051017770778634907373679326304108445760000
1578625065007079808604152444356892393963612457917887848644245851268572857708846568408840647840000
1647260937398691974195637333241974671962030390870839494237473931758510808044013810513572849920000
1921804426965140636561576888782303783955702122682646076610386253718262609384682778932501658240000
2104833420009439744805536592475856525284816610557183798192327801691430476945128757878454197120000
2525800104011327693766643910971027830341779932668620557830793362029716572334154509454145036544000
3019978385230935286025335110943620231930389049929872406102035541557269814747358652608216891520000
3157250130014159617208304888713784787927224915835775697288491702537145715417693136817681295680000
3788700156016991540649965866456541745512669899002930836746190043044574858501231764181217554816000
4209666840018879489611073184951713050569633221114367596384655603382860953890257515756908394240000
5051600208022655387533287821942055660683559865337241115661586724059433144668309018908290073088000
5765413280895421909684730666346911351867106368047938229831158761154787828154048336797504974720000
5792867629852066775921324621900944263066473541229118888068449993350763008288115233639397855552000
6314500260028319234416609777427569575854449831671551394576983405074291430835386273635362591360000
8419333680037758979222146369903426101139266442228735192769311206765721907780515031513816788480000
9059935155692805858076005332830860695791167149789617218306106624671809444242075957824650674560000
9471750390042478851624914666141354363781674747507327091865475107611437146253079410453043887040000
11585735259704133551842649243801888526132947082458237776136899986701526016576230467278795711104000
12629000520056638468833219554855139151708899663343102789153966810148582861670772547270725182720000
17378602889556200327763973865702832789199420623687356664205349980052289024864345700918193566656000
18943500780084957703249829332282708727563349495014654183730950215222874292506158820906087774080000
23171470519408267103685298487603777052265894164916475552273799973403052033152460934557591422208000
25258001040113276937666439109710278303417799326686205578307933620297165723341545094541450365440000
28964338149260333879606623109504721315332367706145594440342249966753815041440576168196989277760000
34757205779112400655527947731405665578398841247374713328410699960104578049728691401836387133312000
37887001560169915406499658664565417455126698990029308367461900430445748585012317641812175548160000
44201501820198234640916268441992987030981148821700859762038883835520040015847703915447538139520000
46342941038816534207370596975207554104531788329832951104547599946806104066304921869115182844416000
50516002080226553875332878219420556606835598653372411156615867240594331446683090189082900730880000
56830502340254873109749487996848126182690048485043962551192850645668622877518476462718263322240000
57928676298520667759213246219009442630664735412291188880684499933507630082881152336393978555520000
75774003120339830812999317329130834910253397980058616734923800860891497170024635283624351096320000
86893014447781001638819869328514163945997103118436783321026749900261445124321728504590967833280000
111029962905497946538492055253101431708774076206891445354645291539222957658855541978088458898080000
115857352597041335518426492438018885261329470824582377761368999867015260165762304672787957111040000
173786028895562003277639738657028327891994206236873566642053499800522890248643457009181935666560000
222059925810995893076984110506202863417548152413782890709290583078445915317711083956176917796160000
231714705194082671036852984876037770522658941649164755522737999734030520331524609345575914222080000
266471910973195071692380932607443436101057782896539468851148699694135098381253300747412301355392000
318607719641863672675672854204551934468656044767601538843764749634291965455846337850166882055360000
333089888716493839615476165759304295126322228620674336063935874617668872976566625934265376694240000
347572057791124006555279477314056655783988412473747133284106999601045780497286914018363871333120000
405500734089644674314492723533066098414653147886038322164791499534553410580168066354757849888640000
444119851621991786153968221012405726835096304827565781418581166156891830635422167912353835592320000
532943821946390143384761865214886872202115565793078937702297399388270196762506601494824602710784000
637215439283727345351345708409103868937312089535203077687529499268583930911692675700333764110720000
666179777432987679230952331518608590252644457241348672127871749235337745953133251868530753388480000
799415732919585215077142797822330308303173348689618406553446099082405295143759902242236904066176000
888239703243983572307936442024811453670192609655131562837162332313783661270844335824707671184640000
1065887643892780286769523730429773744404231131586157875404594798776540393525013202989649205421568000
1216502202268934022943478170599198295243959443658114966494374498603660231740504199064273549665920000
1274430878567454690702691416818207737874624179070406155375058998537167861823385351400667528221440000
1332359554865975358461904663037217180505288914482697344255743498470675491906266503737061506776960000
1776479406487967144615872884049622907340385219310263125674324664627567322541688671649415342369280000
1911646317851182036054037125227311606811936268605609233062588497805751792735078027101001292332160000
1998539332298963037692856994555825770757933371724046016383615247706013237859399755605592260165440000
2548861757134909381405382833636415475749248358140812310750117997074335723646770702801335056442880000
2583618962914021782060910781367821141327647199388187024078528697034440301696499394203171443576192000
2664719109731950716923809326074434361010577828965394688511486996941350983812533007474123013553920000
3823292635702364072108074250454623213623872537211218466125176995611503585470156054202002584664320000
3997078664597926075385713989111651541515866743448092032767230495412026475718799511211184520330880000
5167237925828043564121821562735642282655294398776374048157057394068880603392998788406342887152384000
5329438219463901433847618652148868722021155657930789377022973993882701967625066014948246027107840000
6459047407285054455152276953419552853319117998470467560196321742586100754241248485507928608940480000
7750856888742065346182732344103463423982941598164561072235586091103320905089498182609514330728576000
7994157329195852150771427978223303083031733486896184065534460990824052951437599022422369040661760000
9326516884061827509233332641260520263537022401378881409790204489294728443343865526159430547438720000
10334475851656087128243643125471284565310588797552748096314114788137761206785997576812685774304768000
