1000 3 502
0 1000000
0 1926
11 300238
13 300246
17 300253
18 300267
21 300280
23 300299
27 300320
29 300100
33 300121
36 300144
39 300169
41 300196
45 300225
49 300256
50 300289
53 300324
57 300361
60 300400
63 300441
66 300484
69 300529
71 300576
76 300625
79 300676
81 300729
83 300784
88 300841
90 300900
93 300961
97 301024
100 301089
103 301156
104 301225
108 301296
111 301369
113 301444
118 301521
121 301600
124 301681
127 301764
128 301849
131 301936
136 302025
139 302116
140 302209
143 302304
148 302401
150 302500
153 302601
155 302704
160 302809
162 302916
165 303025
168 303136
172 303249
175 303364
178 303481
180 303600
182 303721
187 303844
188 303969
193 304096
194 304225
197 304356
200 304489
204 304624
207 304761
211 304900
212 305041
217 305184
219 305329
222 305476
226 305625
228 305776
230 305929
234 306084
236 306241
239 306400
243 306561
246 306724
250 306889
251 307056
255 307225
258 307396
261 307569
264 307744
267 307921
271 308100
272 308281
277 308464
279 308649
283 308836
285 309025
289 309216
292 309409
295 309604
296 309801
301 310000
302 310201
306 310404
309 310609
313 310816
316 311025
319 311236
322 311449
324 311664
327 311881
330 312100
334 312321
335 312544
339 312769
341 312996
346 313225
347 313456
350 313689
354 313924
357 314161
361 314400
363 314641
366 314884
369 315129
373 315376
374 315625
377 315876
382 316129
383 316384
388 316641
390 316900
393 317161
395 317424
398 317689
403 317956
404 318225
407 318496
412 318769
413 319044
418 319321
420 319600
424 319881
426 320164
429 320449
431 320736
434 321025
438 321316
441 321609
445 321904
446 322201
449 322500
454 322801
455 323104
460 323409
461 323716
465 324025
468 324336
472 324649
474 324964
478 325281
479 325600
483 325921
487 326244
488 326569
492 326896
494 327225
499 327556
501 327889
505 328224
506 328561
509 328900
512 329241
516 329584
519 329929
522 330276
525 330625
527 330976
532 331329
533 331684
536 332041
541 332400
544 332761
545 333124
548 333489
553 333856
556 334225
557 334596
562 334969
565 335344
567 335721
570 336100
573 336481
576 336864
580 337249
583 337636
586 338025
587 338416
590 338809
594 339204
598 339601
601 340000
602 340401
605 340804
609 341209
612 341616
616 342025
618 342436
620 342849
623 343264
628 343681
629 344100
633 344521
636 344944
639 345369
642 345796
645 346225
647 346656
651 347089
655 347524
658 347961
659 348400
663 348841
665 349284
668 349729
673 350176
675 350625
677 351076
681 351529
683 351984
687 352441
689 352900
693 353361
695 353824
698 354289
703 354756
706 355225
708 355696
710 356169
715 356644
718 357121
720 357600
722 358081
725 358564
729 359049
733 359536
736 360025
738 360516
740 361009
744 361504
747 362001
751 362500
752 363001
756 363504
759 364009
763 364516
766 365025
768 365536
772 366049
774 366564
778 367081
781 367600
783 368121
785 368644
789 369169
792 369696
796 370225
799 370756
802 371289
805 371824
806 372361
810 372900
812 373441
816 373984
820 374529
823 375076
824 375625
828 376176
832 376729
835 377284
836 377841
841 378400
842 378961
846 379524
848 380089
851 380656
855 381225
857 381796
862 382369
864 382944
867 383521
869 384100
873 384681
875 385264
880 385849
882 386436
885 387025
889 387616
892 388209
893 388804
896 389401
901 390000
902 390601
906 391204
910 391809
913 392416
915 393025
918 393636
921 394249
924 394864
928 395481
931 396100
934 396721
936 397344
938 397969
942 398596
946 399225
948 399856
952 400489
954 401124
957 401761
959 402400
963 403041
965 403684
970 404329
972 404976
975 405625
978 406276
980 406929
983 407584
986 408241
989 408900
992 409561
996 410224
998 410889
1002 411556
1006 412225
1007 412896
1010 413569
1013 414244
1018 414921
1019 415600
1022 416281
1027 416964
1030 417649
1032 418336
1036 419025
1037 419716
1041 420409
1044 421104
1048 421801
1050 422500
1053 423201
1056 423904
1058 424609
1063 425316
1064 426025
1067 426736
1072 427449
1075 428164
1077 428881
1080 429600
1084 430321
1086 431044
1088 431769
1093 432496
1095 433225
1097 433956
1102 434689
1104 435424
1106 436161
1109 436900
1112 437641
1115 438384
1120 439129
1121 439876
1124 440625
1129 441376
1130 442129
1133 442884
1138 443641
1141 444400
1144 445161
1145 445924
1148 446689
1153 447456
1155 448225
1159 448996
1162 449769
1164 450544
1166 451321
1171 452100
1172 452881
1175 453664
1178 454449
1181 455236
1184 456025
1189 456816
1192 457609
1194 458404
1197 459201
1199 460000
1204 460801
1207 461604
1209 462409
1213 463216
1215 464025
1217 464836
1220 465649
1223 466464
1227 467281
1229 468100
1233 468921
1236 469744
1239 470569
1241 471396
1245 472225
1247 473056
1250 473889
1253 474724
1257 475561
1260 476400
1264 477241
1267 478084
1269 478929
1273 479776
1274 480625
1279 481476
1282 482329
1285 483184
1287 484041
1289 484900
1292 485761
1295 486624
1299 487489
1301 488356
1304 489225
1308 490096
1310 490969
1313 491844
1318 492721
1319 493600
1324 494481
1325 495364
1329 496249
1331 497136
1334 498025
1337 498916
1341 499809
1345 500704
1348 501601
1349 502500
1353 503401
1356 504304
1358 505209
1361 506116
1364 507025
1368 507936
1370 508849
1374 509764
1376 510681
1381 511600
1382 512521
1386 513444
1388 514369
1391 515296
1396 516225
1397 517156
1400 518089
1405 519024
1406 519961
1409 520900
1413 521841
1415 522784
1418 523729
1422 524676
1425 525625
1428 526576
1432 527529
1434 528484
1437 529441
1440 530400
1444 531361
1445 532324
1450 533289
1452 534256
1455 535225
1458 536196
1460 537169
1463 538144
1466 539121
1471 540100
1473 541081
1477 542064
1478 543049
1481 544036
1486 545025
1489 546016
1492 547009
1493 548004
1498 549001
1500 550000
1487 668020
1491 23958
1496 23964
1497 23974
1506 24004
1510 24009
1511 24016
1516 24025
1519 24036
1521 24049
1523 24064
1527 24081
1529 24100
1534 24121
1537 24144
1540 24169
1541 24196
1545 24225
1547 24256
1552 24289
1554 24324
1556 24361
1560 24400
1563 24441
1566 24484
1569 24529
1571 24576
1574 24625
1579 24676
1581 24729
1584 24784
1587 24841
1591 24900
1594 24961
1597 25024
1599 25089
1602 25156
1605 25225
1609 25296
1611 25369
1615 25444
1618 25521
1620 25600
1624 25681
1625 25764
1630 25849
1631 25936
1636 26025
1638 26116
1641 26209
1643 26304
1646 26401
1651 26500
1653 26601
1656 26704
1658 26809
1663 26916
1666 27025
1669 27136
1672 27249
1675 27364
1676 27481
1679 27600
1682 27721
1685 27844
1689 27969
1693 28096
1695 28225
1697 28356
1701 28489
1703 28624
1706 28761
1709 28900
1713 29041
1717 29184
1718 29329
1723 29476
1724 29625
1728 29776
1731 29929
1733 30084
1736 30241
1739 30400
1744 30561
1746 30724
1748 30889
1753 31056
1755 31225
1758 31396
1760 31569
1763 31744
1768 31921
1771 32100
1773 32281
1777 32464
1780 32649
1782 32836
1784 33025
1787 33216
1791 33409
1793 33604
1797 33801
1801 34000
1804 34201
1807 34404
1810 34609
1811 34816
1814 35025
1818 35236
1822 35449
1825 35664
1826 35881
1829 36100
1834 36321
1836 36544
1838 36769
1841 36996
1846 37225
1849 37456
1850 37689
1855 37924
1858 38161
1861 38400
1862 38641
1867 38884
1869 39129
1873 39376
1876 39625
1879 39876
1881 40129
1884 40384
1886 40641
1889 40900
1894 41161
1896 41424
1899 41689
1902 41956
1904 42225
1907 42496
1910 42769
1914 43044
1918 43321
1921 43600
1924 43881
1927 44164
1928 44449
1933 44736
1935 45025
1937 45316
1940 45609
1943 45904
1947 46201
1951 46500
1954 46801
1957 47104
1958 47409
1962 47716
1964 48025
1967 48336
1972 48649
1974 48964
1978 49281
1980 49600
1982 49921
1987 50244
1989 50569
1992 50896
1994 51225
1998 51556
2002 51889
2005 52224
2007 52561
2010 52900
2012 53241
2017 53584
2018 53929
2021 54276
2024 54625
2029 54976
2032 55329
2034 55684
2038 56041
2040 56400
2043 56761
2045 57124
2049 57489
2051 57856
2056 58225
2057 58596
2062 58969
2065 59344
2068 59721
2069 60100
2074 60481
2075 60864
2080 61249
2081 61636
2086 62025
2089 62416
2090 62809
2093 63204
2097 63601
2099 64000
2103 64401
2106 64804
2110 65209
2113 65616
2114 66025
2118 66436
2122 66849
2125 67264
2128 67681
2130 68100
2133 68521
2136 68944
2139 69369
2143 69796
2144 70225
2148 70656
2152 71089
2155 71524
2158 71961
2159 72400
2164 72841
2167 73284
2170 73729
2173 74176
2174 74625
2177 75076
2182 75529
2183 75984
2188 76441
2190 76900
2194 77361
2196 77824
2199 78289
2201 78756
2205 79225
2209 79696
2210 80169
2214 80644
2216 81121
2219 81600
2222 82081
2226 82564
2230 83049
2231 83536
2235 84025
2239 84516
2242 85009
2243 85504
2248 86001
2251 86500
2253 87001
2257 87504
2260 88009
2261 88516
2265 89025
2269 89536
2270 90049
2273 90564
2278 91081
2280 91600
2282 92121
2286 92644
2288 93169
2292 93696
2294 94225
2298 94756
2300 95289
2304 95824
2306 96361
2310 96900
2314 97441
2315 97984
2320 98529
2323 99076
2324 99625
2329 100176
2330 100729
2335 101284
2337 101841
2340 102400
2343 102961
2346 103524
2348 104089
2352 104656
2356 105225
2357 105796
2362 106369
2363 106944
2367 107521
2369 108100
2373 108681
2377 109264
2380 109849
2381 110436
2385 111025
2387 111616
2391 112209
2395 112804
2397 113401
2401 114000
2403 114601
2406 115204
2408 115809
2411 116416
2415 117025
2418 117636
2422 118249
2423 118864
2428 119481
2431 120100
2432 120721
2436 121344
2438 121969
2443 122596
2445 123225
2449 123856
2452 124489
2453 125124
2457 125761
2461 126400
2462 127041
2465 127684
2468 128329
2472 128976
2474 129625
2478 130276
2482 130929
2485 131584
2486 132241
2489 132900
2492 133561
2497 134224
2498 134889
2503 135556
2506 136225
2507 136896
2510 137569
2514 138244
2517 138921
2519 139600
2522 140281
2527 140964
2530 141649
2532 142336
2535 143025
2538 143716
2542 144409
2545 145104
2547 145801
2551 146500
2553 147201
2557 147904
2558 148609
2562 149316
2565 150025
2568 150736
2570 151449
2574 152164
2576 152881
2579 153600
2583 154321
2585 155044
2588 155769
2592 156496
2594 157225
2597 157956
2601 158689
2603 159424
2606 160161
2611 160900
2612 161641
2617 162384
2618 163129
2622 163876
2625 164625
2628 165376
2630 166129
2633 166884
2636 167641
2639 168400
2644 169161
2647 169924
2648 170689
2651 171456
2656 172225
2659 172996
2661 173769
2665 174544
2668 175321
2669 176100
2673 176881
2676 177664
2679 178449
2683 179236
2685 180025
2687 180816
2692 181609
2695 182404
2696 183201
2699 184000
2703 184801
2707 185604
2709 186409
2713 187216
2716 188025
2719 188836
2721 189649
2723 190464
2728 191281
2731 192100
2732 192921
2735 193744
2738 194569
2741 195396
2744 196225
2748 197056
2752 197889
2754 198724
2756 199561
2761 200400
2763 201241
2765 202084
2770 202929
2773 203776
2775 204625
2778 205476
2780 206329
2784 207184
2788 208041
2791 208900
2792 209761
2797 210624
2799 211489
2803 212356
2804 213225
2807 214096
2810 214969
2814 215844
2816 216721
2819 217600
2823 218481
2825 219364
2829 220249
2833 221136
2835 222025
2839 222916
2841 223809
2843 224704
2848 225601
2851 226500
2854 227401
2855 228304
2858 229209
2862 230116
2866 231025
2869 231936
2871 232849
2874 233764
2877 234681
2881 235600
2884 236521
2885 237444
2889 238369
2893 239296
2894 240225
2899 241156
2902 242089
2903 243024
2908 243961
2911 244900
2913 245841
2917 246784
2919 247729
2922 248676
2926 249625
2927 250576
2930 251529
2934 252484
2937 253441
2940 254400
2944 255361
2946 256324
2949 257289
2953 258256
2956 259225
2958 260196
2962 261169
2965 262144
2966 263121
2969 264100
2973 265081
2977 266064
2980 267049
2983 268036
2986 269025
2987 270016
2991 271009

1 2
1 3
2 502
3 4
4 5
5 6
6 7
7 8
8 9
9 10
10 11
11 12
12 13
13 14
14 15
15 16
16 17
17 18
18 19
19 20
20 21
21 22
22 23
23 24
24 25
25 26
26 27
27 28
28 29
29 30
30 31
31 32
32 33
33 34
34 35
35 36
36 37
37 38
38 39
39 40
40 41
41 42
42 43
43 44
44 45
45 46
46 47
47 48
48 49
49 50
50 51
51 52
52 53
53 54
54 55
55 56
56 57
57 58
58 59
59 60
60 61
61 62
62 63
63 64
64 65
65 66
66 67
67 68
68 69
69 70
70 71
71 72
72 73
73 74
74 75
75 76
76 77
77 78
78 79
79 80
80 81
81 82
82 83
83 84
84 85
85 86
86 87
87 88
88 89
89 90
90 91
91 92
92 93
93 94
94 95
95 96
96 97
97 98
98 99
99 100
100 101
101 102
102 103
103 104
104 105
105 106
106 107
107 108
108 109
109 110
110 111
111 112
112 113
113 114
114 115
115 116
116 117
117 118
118 119
119 120
120 121
121 122
122 123
123 124
124 125
125 126
126 127
127 128
128 129
129 130
130 131
131 132
132 133
133 134
134 135
135 136
136 137
137 138
138 139
139 140
140 141
141 142
142 143
143 144
144 145
145 146
146 147
147 148
148 149
149 150
150 151
151 152
152 153
153 154
154 155
155 156
156 157
157 158
158 159
159 160
160 161
161 162
162 163
163 164
164 165
165 166
166 167
167 168
168 169
169 170
170 171
171 172
172 173
173 174
174 175
175 176
176 177
177 178
178 179
179 180
180 181
181 182
182 183
183 184
184 185
185 186
186 187
187 188
188 189
189 190
190 191
191 192
192 193
193 194
194 195
195 196
196 197
197 198
198 199
199 200
200 201
201 202
202 203
203 204
204 205
205 206
206 207
207 208
208 209
209 210
210 211
211 212
212 213
213 214
214 215
215 216
216 217
217 218
218 219
219 220
220 221
221 222
222 223
223 224
224 225
225 226
226 227
227 228
228 229
229 230
230 231
231 232
232 233
233 234
234 235
235 236
236 237
237 238
238 239
239 240
240 241
241 242
242 243
243 244
244 245
245 246
246 247
247 248
248 249
249 250
250 251
251 252
252 253
253 254
254 255
255 256
256 257
257 258
258 259
259 260
260 261
261 262
262 263
263 264
264 265
265 266
266 267
267 268
268 269
269 270
270 271
271 272
272 273
273 274
274 275
275 276
276 277
277 278
278 279
279 280
280 281
281 282
282 283
283 284
284 285
285 286
286 287
287 288
288 289
289 290
290 291
291 292
292 293
293 294
294 295
295 296
296 297
297 298
298 299
299 300
300 301
301 302
302 303
303 304
304 305
305 306
306 307
307 308
308 309
309 310
310 311
311 312
312 313
313 314
314 315
315 316
316 317
317 318
318 319
319 320
320 321
321 322
322 323
323 324
324 325
325 326
326 327
327 328
328 329
329 330
330 331
331 332
332 333
333 334
334 335
335 336
336 337
337 338
338 339
339 340
340 341
341 342
342 343
343 344
344 345
345 346
346 347
347 348
348 349
349 350
350 351
351 352
352 353
353 354
354 355
355 356
356 357
357 358
358 359
359 360
360 361
361 362
362 363
363 364
364 365
365 366
366 367
367 368
368 369
369 370
370 371
371 372
372 373
373 374
374 375
375 376
376 377
377 378
378 379
379 380
380 381
381 382
382 383
383 384
384 385
385 386
386 387
387 388
388 389
389 390
390 391
391 392
392 393
393 394
394 395
395 396
396 397
397 398
398 399
399 400
400 401
401 402
402 403
403 404
404 405
405 406
406 407
407 408
408 409
409 410
410 411
411 412
412 413
413 414
414 415
415 416
416 417
417 418
418 419
419 420
420 421
421 422
422 423
423 424
424 425
425 426
426 427
427 428
428 429
429 430
430 431
431 432
432 433
433 434
434 435
435 436
436 437
437 438
438 439
439 440
440 441
441 442
442 443
443 444
444 445
445 446
446 447
447 448
448 449
449 450
450 451
451 452
452 453
453 454
454 455
455 456
456 457
457 458
458 459
459 460
460 461
461 462
462 463
463 464
464 465
465 466
466 467
467 468
468 469
469 470
470 471
471 472
472 473
473 474
474 475
475 476
476 477
477 478
478 479
479 480
480 481
481 482
482 483
483 484
484 485
485 486
486 487
487 488
488 489
489 490
490 491
491 492
492 493
493 494
494 495
495 496
496 497
497 498
498 499
499 500
500 501
502 503
503 504
504 505
505 506
506 507
507 508
508 509
509 510
510 511
511 512
512 513
513 514
514 515
515 516
516 517
517 518
518 519
519 520
520 521
521 522
522 523
523 524
524 525
525 526
526 527
527 528
528 529
529 530
530 531
531 532
532 533
533 534
534 535
535 536
536 537
537 538
538 539
539 540
540 541
541 542
542 543
543 544
544 545
545 546
546 547
547 548
548 549
549 550
550 551
551 552
552 553
553 554
554 555
555 556
556 557
557 558
558 559
559 560
560 561
561 562
562 563
563 564
564 565
565 566
566 567
567 568
568 569
569 570
570 571
571 572
572 573
573 574
574 575
575 576
576 577
577 578
578 579
579 580
580 581
581 582
582 583
583 584
584 585
585 586
586 587
587 588
588 589
589 590
590 591
591 592
592 593
593 594
594 595
595 596
596 597
597 598
598 599
599 600
600 601
601 602
602 603
603 604
604 605
605 606
606 607
607 608
608 609
609 610
610 611
611 612
612 613
613 614
614 615
615 616
616 617
617 618
618 619
619 620
620 621
621 622
622 623
623 624
624 625
625 626
626 627
627 628
628 629
629 630
630 631
631 632
632 633
633 634
634 635
635 636
636 637
637 638
638 639
639 640
640 641
641 642
642 643
643 644
644 645
645 646
646 647
647 648
648 649
649 650
650 651
651 652
652 653
653 654
654 655
655 656
656 657
657 658
658 659
659 660
660 661
661 662
662 663
663 664
664 665
665 666
666 667
667 668
668 669
669 670
670 671
671 672
672 673
673 674
674 675
675 676
676 677
677 678
678 679
679 680
680 681
681 682
682 683
683 684
684 685
685 686
686 687
687 688
688 689
689 690
690 691
691 692
692 693
693 694
694 695
695 696
696 697
697 698
698 699
699 700
700 701
701 702
702 703
703 704
704 705
705 706
706 707
707 708
708 709
709 710
710 711
711 712
712 713
713 714
714 715
715 716
716 717
717 718
718 719
719 720
720 721
721 722
722 723
723 724
724 725
725 726
726 727
727 728
728 729
729 730
730 731
731 732
732 733
733 734
734 735
735 736
736 737
737 738
738 739
739 740
740 741
741 742
742 743
743 744
744 745
745 746
746 747
747 748
748 749
749 750
750 751
751 752
752 753
753 754
754 755
755 756
756 757
757 758
758 759
759 760
760 761
761 762
762 763
763 764
764 765
765 766
766 767
767 768
768 769
769 770
770 771
771 772
772 773
773 774
774 775
775 776
776 777
777 778
778 779
779 780
780 781
781 782
782 783
783 784
784 785
785 786
786 787
787 788
788 789
789 790
790 791
791 792
792 793
793 794
794 795
795 796
796 797
797 798
798 799
799 800
800 801
801 802
802 803
803 804
804 805
805 806
806 807
807 808
808 809
809 810
810 811
811 812
812 813
813 814
814 815
815 816
816 817
817 818
818 819
819 820
820 821
821 822
822 823
823 824
824 825
825 826
826 827
827 828
828 829
829 830
830 831
831 832
832 833
833 834
834 835
835 836
836 837
837 838
838 839
839 840
840 841
841 842
842 843
843 844
844 845
845 846
846 847
847 848
848 849
849 850
850 851
851 852
852 853
853 854
854 855
855 856
856 857
857 858
858 859
859 860
860 861
861 862
862 863
863 864
864 865
865 866
866 867
867 868
868 869
869 870
870 871
871 872
872 873
873 874
874 875
875 876
876 877
877 878
878 879
879 880
880 881
881 882
882 883
883 884
884 885
885 886
886 887
887 888
888 889
889 890
890 891
891 892
892 893
893 894
894 895
895 896
896 897
897 898
898 899
899 900
900 901
901 902
902 903
903 904
904 905
905 906
906 907
907 908
908 909
909 910
910 911
911 912
912 913
913 914
914 915
915 916
916 917
917 918
918 919
919 920
920 921
921 922
922 923
923 924
924 925
925 926
926 927
927 928
928 929
929 930
930 931
931 932
932 933
933 934
934 935
935 936
936 937
937 938
938 939
939 940
940 941
941 942
942 943
943 944
944 945
945 946
946 947
947 948
948 949
949 950
950 951
951 952
952 953
953 954
954 955
955 956
956 957
957 958
958 959
959 960
960 961
961 962
962 963
963 964
964 965
965 966
966 967
967 968
968 969
969 970
970 971
971 972
972 973
973 974
974 975
975 976
976 977
977 978
978 979
979 980
980 981
981 982
982 983
983 984
984 985
985 986
986 987
987 988
988 989
989 990
990 991
991 992
992 993
993 994
994 995
995 996
996 997
997 998
998 999
999 1000
